/*--------------------------------*- C++ -*----------------------------------*\
  =========                 |
  \\      /  F ield         | OpenFOAM: The Open Source CFD Toolbox
   \\    /   O peration     | Website:  https://openfoam.org
    \\  /    A nd           | Version:  12
     \\/     M anipulation  |
\*---------------------------------------------------------------------------*/
FoamFile
{
    format      ascii;
    class       volScalarField;
    location    "157";
    object      p;
}
// * * * * * * * * * * * * * * * * * * * * * * * * * * * * * * * * * * * * * //

dimensions      [0 2 -2 0 0 0 0];

internalField   nonuniform List<scalar>
400
(
0.372934
0.131744
0.0628372
0.0479333
0.0361724
0.0255466
0.0184814
0.0141359
0.0112097
0.00905375
0.00740356
0.00610502
0.00504472
0.00414345
0.00334798
0.00262018
0.00192852
0.00124046
0.000515736
-0.000424745
-0.307935
-0.0823706
-0.0333838
-0.0180616
-0.00740893
-0.00124937
0.00192922
0.00364483
0.00450154
0.00478734
0.00471995
0.00444639
0.00405118
0.00358244
0.0030686
0.00252534
0.00195901
0.00136919
0.000753184
0.000110256
-0.0605175
-0.0130424
0.00547741
0.00866023
0.0105509
0.0111355
0.0105219
0.00952977
0.0085157
0.00754461
0.00663537
0.00579744
0.00502657
0.00431134
0.00363932
0.00299871
0.00237804
0.00176717
0.00116797
0.000540388
-0.0112579
-0.00410703
-0.00107319
0.000921365
0.0030123
0.00442397
0.00506182
0.00526134
0.00522262
0.00502306
0.00471376
0.00433519
0.00391391
0.00346574
0.00300028
0.0025233
0.00203767
0.00154785
0.00108416
0.000615234
-0.00510105
-0.0029188
-0.00188089
-0.000207222
0.00157187
0.00288751
0.00367875
0.00409019
0.00424015
0.00420186
0.00403036
0.00376827
0.00344534
0.00308152
0.00269041
0.00228153
0.00186111
0.0014388
0.00105998
0.000670108
-0.00118133
-0.000764029
-0.000383778
0.000509541
0.00154463
0.00240333
0.00299988
0.0033612
0.00353188
0.00355124
0.00345376
0.00326906
0.00302061
0.00272613
0.00239922
0.00205052
0.00168784
0.00132384
0.00101172
0.000675815
0.000979557
0.000698362
0.000667035
0.00106878
0.00164344
0.00218966
0.00261877
0.00290945
0.00306722
0.00310721
0.0030483
0.00290976
0.00270921
0.00246172
0.00218003
0.00187485
0.00155444
0.00123261
0.000964762
0.0006599
0.00182169
0.00142262
0.00125516
0.0014291
0.00176433
0.00212465
0.00243541
0.00266223
0.00279416
0.00283327
0.00278883
0.00267329
0.00249983
0.00228099
0.00202831
0.00175197
0.00146
0.00116616
0.000924861
0.000636395
0.00215058
0.00178513
0.00159429
0.00166358
0.00187257
0.00212512
0.00235964
0.00253966
0.00264765
0.00267918
0.00263806
0.00253258
0.00237302
0.00217011
0.00193431
0.00167523
0.00140042
0.00112318
0.00089606
0.000615299
0.00227092
0.00194009
0.00175019
0.00177746
0.00193149
0.0021349
0.00233289
0.00248914
0.0025839
0.00261008
0.00256907
0.00246725
0.00231351
0.00211766
0.00188958
0.0016385
0.00137171
0.00110212
0.000880957
0.000603098
0.00227091
0.00194008
0.00175018
0.00177745
0.00193147
0.00213487
0.00233285
0.00248909
0.00258384
0.00261001
0.00256899
0.00246716
0.00231341
0.00211755
0.00188947
0.00163839
0.00137161
0.00110203
0.000880848
0.000603005
0.00215054
0.00178509
0.00159426
0.00166354
0.00187251
0.00212503
0.00235953
0.00253952
0.00264747
0.00267897
0.00263781
0.0025323
0.00237272
0.0021698
0.00193399
0.00167491
0.00140011
0.0011229
0.000895759
0.000615025
0.00182162
0.00142256
0.0012551
0.00142902
0.00176423
0.00212451
0.00243522
0.00266199
0.00279386
0.00283291
0.00278842
0.00267284
0.00249934
0.00228048
0.00202779
0.00175145
0.00145951
0.0011657
0.00092438
0.000635969
0.000979471
0.000698285
0.00066695
0.00106867
0.00164328
0.00218946
0.0026185
0.00290911
0.00306682
0.00310673
0.00304775
0.00290915
0.00270856
0.00246104
0.00217933
0.00187417
0.00155379
0.00123202
0.000964155
0.00065936
-0.00118142
-0.000764121
-0.000383891
0.000509398
0.00154444
0.00240307
0.00299955
0.00336079
0.00353139
0.00355067
0.00345312
0.00326835
0.00301984
0.00272533
0.00239841
0.00204972
0.00168709
0.00132315
0.00101104
0.00067521
-0.00510115
-0.0029189
-0.00188101
-0.000207395
0.00157165
0.00288723
0.00367839
0.00408976
0.00423963
0.00420126
0.00402968
0.00376752
0.00344453
0.00308067
0.00268955
0.00228067
0.00186031
0.00143808
0.00105928
0.000669492
-0.011258
-0.00410715
-0.00107333
0.000921196
0.00301208
0.00442369
0.00506148
0.00526093
0.00522213
0.00502248
0.0047131
0.00433446
0.00391311
0.0034649
0.00299941
0.00252244
0.00203686
0.00154713
0.00108349
0.000614654
-0.0605176
-0.0130425
0.00547727
0.00866007
0.0105507
0.0111353
0.0105216
0.00952941
0.00851527
0.00754409
0.00663476
0.00579675
0.00502581
0.00431053
0.00363848
0.00299787
0.00237724
0.00176644
0.00116734
0.000539869
-0.307935
-0.0823707
-0.0333839
-0.0180618
-0.00740909
-0.00124957
0.00192897
0.00364451
0.00450115
0.00478687
0.00471939
0.00444575
0.00405046
0.00358166
0.00306779
0.00252452
0.00195822
0.00136847
0.000752576
0.000109804
0.372934
0.131744
0.0628371
0.0479332
0.0361722
0.0255464
0.0184812
0.0141356
0.0112093
0.00905331
0.00740304
0.00610442
0.00504403
0.00414269
0.00334719
0.00261938
0.00192773
0.00123973
0.000515122
-0.000425162
)
;

boundaryField
{
    inlet
    {
        type            zeroGradient;
    }
    outlet
    {
        type            fixedValue;
        value           uniform 0;
    }
    walls
    {
        type            zeroGradient;
    }
    frontAndBack
    {
        type            empty;
    }
}


// ************************************************************************* //
